0 0 30 58
30 0 49 51
79 0 51 45
79 0 51 45 100
130 0 51 52
181 0 55 53
236 0 57 58 100
293 0 38 51
331 0 47 48
378 0 51 48 100
429 0 45 50
0 58 65 49
65 58 66 49 100
131 58 54 56
185 58 59 58
244 58 59 51 100
303 58 43 46
346 58 57 58
403 58 54 58 100
0 116 42 53
42 116 43 50
85 116 44 50 100
129 116 39 53 0
168 116 48 47
216 116 54 47 100
270 116 71 46
341 116 77 46 100
418 116 52 24 0
0 169 36 59 0
36 169 35 52 0
71 169 36 52
107 169 36 51
143 169 35 51 100
178 169 50 49
228 169 50 48
278 169 49 48 100
327 169 37 54
364 169 37 45
401 169 38 50
439 169 41 50 100