1 1 64 64
67 1 64 64
133 1 64 64 100
199 1 64 64
265 1 64 64
331 1 64 64
331 1 64 64 100
1 67 64 64
67 67 64 64
133 67 64 64 100
199 67 96 64
297 67 96 64
1 133 96 64
1 133 96 64 100
99 133 80 64
181 133 80 64
263 133 80 64
263 133 80 64 100
345 133 80 64
1 199 80 64
83 199 80 64
83 199 80 64 100
165 199 64 64
231 199 64 64
297 199 64 64 100
363 199 64 64 0
1 265 64 64
67 265 64 64 100
133 265 96 64
231 265 96 64 100
329 265 64 64 0
395 265 64 64 0
1 331 64 64 0
67 331 64 64
133 331 64 64
199 331 64 64 100
265 331 96 64
363 331 96 64
1 397 96 64 100
99 397 64 64
165 397 64 64
231 397 64 64
297 397 64 64 100